3.4838486 0.5161515
0.4499810 3.5500188
0.4956709 3.5043290
3.3878014 0.6121987
0.5573689 3.4426310
0.5564921 3.4435079
0.6614440 3.3385558
0.6521330 3.3478670
0.5124022 3.4875977
3.6000750 0.3999250
0.6483942 3.3516059
0.5487568 3.4512432
3.5891657 0.4108340
3.4881427 0.5118573
0.4656895 3.5343106
1.5773077 2.4226923
0.4863078 3.5136921
3.5913293 0.4086710
3.6058934 0.3941065
0.8265598 3.1734402
0.5308350 3.4691648
3.5197544 0.4802456
0.5007160 3.4992840
0.5226595 3.4773405
3.5501714 0.4498287
0.5408636 3.4591362
0.4622301 3.5377703
3.5099931 0.4900067
2.5620902 1.4379100
0.5922014 3.4077988
3.5788188 0.4211812
3.5846677 0.4153326
3.5913846 0.4086155
0.5778031 3.4221969
3.6017709 0.3982290
0.5111542 3.4888458
0.4436245 3.5563755
0.7157938 3.2842064
0.6407493 3.3592508
3.6164427 0.3835576
0.4592979 3.5407021
3.5726378 0.4273623
0.6809954 3.3190045
3.5590870 0.4409129
0.6156904 3.3843098
3.5885241 0.4114758
0.5503042 3.4496961
3.5767479 0.4232520
0.5213071 3.4786930
0.4520864 3.5479138
0.4759437 3.5240564
3.5874126 0.4125875
0.4843387 3.5156612
1.3891349 2.6108651
3.6042240 0.3957760
0.4636306 3.5363693
3.5424724 0.4575276
3.5485888 0.4514111
0.4616837 3.5383162
0.5458637 3.4541361
3.4856606 0.5143396
3.5475373 0.4524628
0.4496325 3.5503674
0.6794319 3.3205681
3.5708480 0.4291520
3.5370283 0.4629714
0.5950667 3.4049335
0.5041085 3.4958916
3.4494355 0.5505645
3.5808616 0.4191386
3.4803073 0.5196927
3.5953639 0.4046362
3.5657525 0.4342476
0.4621425 3.5378575
3.5750580 0.4249422
3.5777440 0.4222561
3.5821657 0.4178342
0.6131301 3.3868699
0.5260368 3.4739633
3.5855272 0.4144729
0.5415383 3.4584618
0.4875763 3.5124238
0.4697160 3.5302839
0.6673853 3.3326144
3.6067853 0.3932145
0.5540736 3.4459264
3.4013028 0.5986973
3.5305161 0.4694841
0.4495386 3.5504613
3.5905585 0.4094413
3.5979993 0.4020006
3.5591664 0.4408336
0.6042856 3.3957145
3.6023669 0.3976328
3.5147367 0.4852632
3.5646513 0.4353489
3.5207572 0.4792431
0.4798419 3.5201581
0.5144214 3.4855785
3.5769529 0.4230469
0.4596578 3.5403423
0.4490667 3.5509334
0.4751193 3.5248809
0.5103822 3.4896178
3.5829506 0.4170493
3.5166638 0.4833363
3.5649922 0.4350079
0.6548448 3.3451552
0.5027300 3.4972701
0.5102435 3.4897563
0.4981791 3.5018208
3.5889637 0.4110362
0.5015390 3.4984610
0.5375775 3.4624224
3.5568919 0.4431080
0.5721579 3.4278421
0.5134087 3.4865913
3.5329108 0.4670890
3.5442228 0.4557773
0.5697796 3.4302204
3.5909505 0.4090494
3.6026514 0.3973487
3.5888710 0.4111289
3.4977903 0.5022098
0.5297898 3.4702101
0.4978053 3.5021949
3.4541485 0.5458515
3.5868001 0.4131999
3.5748219 0.4251780
0.5025904 3.4974096
0.4806647 3.5193353
3.5624793 0.4375207
3.5833733 0.4166264
3.4575181 0.5424821
0.5210543 3.4789457
3.5988734 0.4011265
0.7239221 3.2760777
3.5451794 0.4548208
0.5286194 3.4713805
0.5471834 3.4528165
3.5787609 0.4212391
3.5768375 0.4231625
0.5109761 3.4890239
0.5985048 3.4014955
3.5658891 0.4341108
0.6470773 3.3529227
3.5896778 0.4103222
3.4498873 0.5501130
3.4504685 0.5495315
3.5882835 0.4117163
3.6064575 0.3935422
3.4903650 0.5096349
0.6106568 3.3893433
0.6225082 3.3774917
0.6290836 3.3709161
3.6035743 0.3964256
0.5602535 3.4397464
3.5744643 0.4255358
3.5960917 0.4039082
3.5029907 0.4970095
0.6476525 3.3523474
3.5799863 0.4200136
3.5674334 0.4325667
0.5616612 3.4383388
3.4315104 0.5684895
0.4914992 3.5085008
3.6064894 0.3935105
0.4488019 3.5511980
0.6425123 3.3574877
3.6058993 0.3941006
3.5695043 0.4304959
0.5044967 3.4955034
3.4962471 0.5037529
0.5913674 3.4086328
3.5887744 0.4112256
3.4989271 0.5010726
3.5687144 0.4312854
0.5047071 3.4952931
0.6358341 3.3641658
3.5949640 0.4050360
0.5398053 3.4601946
0.4947487 3.5052514
3.5865748 0.4134251
0.5733441 3.4266558
0.5061677 3.4938323
0.6187689 3.3812313
0.5736347 3.4263654
0.6817068 3.3182933
0.4704568 3.5295434
3.5815902 0.4184099
0.5149531 3.4850471
3.5901933 0.4098068
0.4996604 3.5003395
3.5488760 0.4511240
3.5830872 0.4169130
0.5154767 3.4845233
0.5460821 3.4539180
0.5601271 3.4398727
3.5859344 0.4140657
0.4551574 3.5448427
3.5946620 0.4053378
0.5188075 3.4811926
3.5569243 0.4430757
0.4553759 3.5446239
3.6021771 0.3978229
3.5417340 0.4582660
3.5921814 0.4078185
0.4800156 3.5199842
0.5154057 3.4845943
0.5546788 3.4453211
3.5359032 0.4640965
3.5293834 0.4706166
0.5102431 3.4897568
3.6059680 0.3940321
3.6055760 0.3944239
0.5312069 3.4687932
3.5259192 0.4740807
0.5233312 3.4766688
3.4969494 0.5030506
3.5944922 0.4055079
3.5838089 0.4161911
0.4992000 3.5008001
0.4663768 3.5336230
1.1545351 2.8454649
0.4690605 3.5309396
0.4870812 3.5129189
3.6100936 0.3899066
0.4465298 3.5534704
3.5297854 0.4702146
0.5063403 3.4936597
3.4828532 0.5171470
3.6067371 0.3932630
3.5178053 0.4821946
1.1083862 2.8916137
3.5621228 0.4378772
0.5456707 3.4543293
0.4585406 3.5414596
0.5479861 3.4520140
0.4648399 3.5351601
3.5876181 0.4123819
0.6196024 3.3803976
3.5623596 0.4376403
0.8316286 3.1683714
0.5108235 3.4891765
0.4856080 3.5143919
0.4892924 3.5107074
0.5514119 3.4485879
0.5282295 3.4717705
0.5225515 3.4774487
0.4595266 3.5404735
0.4725784 3.5274215
3.3962026 0.6037975
0.5379347 3.4620655
0.4825920 3.5174079
3.5087519 0.4912481
0.4686307 3.5313692
0.4678237 3.5321760
3.5838873 0.4161126
0.4688048 3.5311952
3.5568509 0.4431490
3.4741106 0.5258896
0.7180289 3.2819710
0.5181385 3.4818616
3.5775592 0.4224406
3.5563705 0.4436295
0.4444339 3.5555663
3.5808420 0.4191580
0.4835680 3.5164318
3.5709543 0.4290456
0.4983051 3.5016949
0.4712020 3.5287981
0.4823669 3.5176332
0.6650308 3.3349690
3.5331805 0.4668196
3.5086732 0.4913266
3.5803442 0.4196559
3.5854535 0.4145464
3.5762963 0.4237036
0.6260616 3.3739381
1.2016766 2.7983234
3.5223808 0.4776192
0.5097438 3.4902561
3.5628986 0.4371013
3.5298605 0.4701397
3.5587287 0.4412713
0.6101105 3.3898895
1.0638852 2.9361148
0.7303960 3.2696042
3.5599387 0.4400613
3.5526686 0.4473311
3.5829906 0.4170095
0.4764963 3.5235038
3.5936861 0.4063141
3.5865626 0.4134373
3.5870876 0.4129124
0.6652355 3.3347645
3.5993948 0.4006053
3.4714899 0.5285101
3.5914874 0.4085127
3.4923055 0.5076945
3.6067863 0.3932139
3.5900440 0.4099558
3.5718822 0.4281179
3.5822456 0.4177545
0.5263259 3.4736741
3.5860233 0.4139767
1.5552511 2.4447489
3.5703909 0.4296089
0.4502398 3.5497603
3.4929094 0.5070907
3.5717666 0.4282334
3.5952537 0.4047465
0.6401740 3.3598258
0.4498343 3.5501657
0.4754413 3.5245588
3.6061468 0.3938530
3.5987430 0.4012569
1.4621298 2.5378702
0.5706805 3.4293196
3.4635677 0.5364325
3.5967441 0.4032558
0.5318989 3.4681010
3.5367537 0.4632463
0.7038476 3.2961526
3.5491648 0.4508352
0.5140158 3.4859841
3.5585940 0.4414060
0.4433743 3.5566256
0.4884160 3.5115838
3.5686190 0.4313809
0.5251126 3.4748876
3.5972474 0.4027524
3.5717816 0.4282183
0.4725596 3.5274403
0.5172370 3.4827631
0.4799089 3.5200911
3.4770465 0.5229536
0.6030895 3.3969107
0.4688686 3.5311315
1.4662112 2.5337887
3.5631006 0.4368993
3.6006663 0.3993337
0.5293103 3.4706898
3.5180628 0.4819372
3.5904045 0.4095955
3.5164828 0.4835171
3.5521152 0.4478846
3.5888665 0.4111336
0.4949861 3.5050139
0.4443740 3.5556259
0.4516662 3.5483339
0.5339567 3.4660432
3.5454061 0.4545940
3.5934141 0.4065859
3.6023672 0.3976328
0.4948713 3.5051289
3.5993483 0.4006518
3.5983496 0.4016504
3.5523715 0.4476286
3.5763149 0.4236851
0.4935422 3.5064578
3.5889072 0.4110928
3.5407481 0.4592519
0.5837660 3.4162340
3.5209103 0.4790898
0.5051212 3.4948788
0.4887274 3.5112724
3.5482466 0.4517532
0.4808387 3.5191615
0.5370106 3.4629893
3.5868964 0.4131038
3.5489855 0.4510144
3.5430069 0.4569931
3.5782220 0.4217781
3.5728097 0.4271905
0.5015596 3.4984403
3.5970168 0.4029832
0.5029572 3.4970427
0.6878792 3.3121207
0.4521391 3.5478611
3.4945624 0.5054376
0.4677890 3.5322111
0.5009710 3.4990292
3.6110184 0.3889816
0.5001885 3.4998116
3.5823720 0.4176282
0.6102954 3.3897047
0.6176946 3.3823054
3.6112785 0.3887216
0.4624624 3.5375376
3.5867190 0.4132810
3.6050003 0.3949998
0.5001987 3.4998012
0.5043966 3.4956033
0.4984135 3.5015864
3.5898912 0.4101089
0.5819643 3.4180355
3.5758605 0.4241392
0.5266721 3.4733276
0.5508637 3.4491365
0.4728759 3.5271239
0.7179982 3.2820017
3.5616245 0.4383754
3.4931300 0.5068699
0.5442395 3.4557605
3.5836511 0.4163489
0.4533304 3.5466697
0.4715229 3.5284772
0.4742280 3.5257721
0.4462625 3.5537376
0.4629381 3.5370619
0.4736172 3.5263829
0.7368866 3.2631135
3.5812263 0.4187737
0.4850322 3.5149679
3.5876756 0.4123244
3.5318532 0.4681470
3.5025234 0.4974766
3.5502598 0.4497402
3.5963950 0.4036051
0.4917636 3.5082364
0.5347860 3.4652140
0.4504719 3.5495281
3.4975615 0.5024385
3.5427542 0.4572459
0.5552642 3.4447358
0.4746191 3.5253808
0.4990687 3.5009313
3.5951548 0.4048451
2.6923721 1.3076282
3.5512323 0.4487676
3.5950303 0.4049696
0.4520514 3.5479486
0.5547099 3.4452901
3.4822850 0.5177149
0.6660171 3.3339829
3.5734661 0.4265340
3.5750151 0.4249849
0.5704200 3.4295802
3.5850806 0.4149196
3.4922764 0.5077234
3.5575333 0.4424667
3.5899315 0.4100684
0.5227512 3.4772489
0.4695748 3.5304251
3.5103548 0.4896454
0.5078605 3.4921396
3.4465461 0.5534536
0.6438112 3.3561888
3.5746107 0.4253894
0.6979590 3.3020411
3.5211017 0.4788983
0.5899251 3.4100749
0.4801605 3.5198395
0.6594206 3.3405793
0.4549649 3.5450351
3.5909789 0.4090212
0.4984198 3.5015800
0.6022048 3.3977952
0.5269808 3.4730194
3.5396936 0.4603065
0.4442485 3.5557516
3.5729580 0.4270422
0.5114085 3.4885917
3.5106406 0.4893596
0.6031330 3.3968670
3.5620627 0.4379371
3.5907171 0.4092830
0.5013333 3.4986668
3.5818048 0.4181953
3.5927567 0.4072431
0.4733701 3.5266299
0.6070051 3.3929949
3.5983715 0.4016284
3.4573495 0.5426506
0.5485861 3.4514139
3.5982795 0.4017204
3.5844953 0.4155047
3.5743301 0.4256697
3.5976398 0.4023601
3.5740576 0.4259426
3.5840013 0.4159988
0.4566859 3.5433140
0.5908790 3.4091210
3.5625544 0.4374457
3.5788465 0.4211534
0.5143805 3.4856198
3.5982237 0.4017763
0.5194651 3.4805350
2.6715775 1.3284227
0.6191863 3.3808136
3.5392308 0.4607691
0.6080218 3.3919783
0.6286696 3.3713305
3.5984185 0.4015814
0.5011880 3.4988120
3.5451941 0.4548058
0.5627195 3.4372804
3.5129271 0.4870731
0.6020592 3.3979406
3.5898585 0.4101417
0.4318841 3.5681162
3.6128576 0.3871425
3.5801525 0.4198473
3.6033902 0.3966099
0.4814932 3.5185070
0.4698729 3.5301270
0.5192690 3.4807308
0.4908366 3.5091634
0.4935161 3.5064838
3.5951080 0.4048922
3.6026833 0.3973170
0.5085012 3.4914989
3.5766902 0.4233098
3.5609705 0.4390295
0.5828303 3.4171698
3.5362587 0.4637413
0.4827821 3.5172179
0.4621854 3.5378144
3.5210590 0.4789411
3.5519595 0.4480402
3.5670352 0.4329648
3.4685829 0.5314171
1.2060558 2.7939444
3.5298958 0.4701044
3.5777464 0.4222534
3.5347030 0.4652970
3.5535147 0.4464852
0.5111758 3.4888244
3.5770402 0.4229598
0.5021078 3.4978924
3.5587800 0.4412202
3.2736924 0.7263077
0.5081916 3.4918082
3.5856833 0.4143167
3.4641485 0.5358516
0.5384217 3.4615781
0.4580787 3.5419211
0.4551647 3.5448353
3.5981514 0.4018485
3.5928888 0.4071113
0.4669816 3.5330186
0.5659522 3.4340477
3.5267377 0.4732622
3.5655289 0.4344711
0.4691788 3.5308211
0.4961158 3.5038843
3.6051722 0.3948279
3.5458865 0.4541137
0.5053936 3.4946065
0.5485050 3.4514947
0.4604713 3.5395288
0.6760248 3.3239751
0.5214913 3.4785089
3.5346243 0.4653755
3.4864109 0.5135890
3.5920141 0.4079860
0.5246614 3.4753385
0.5957864 3.4042137
0.5079446 3.4920554
0.5564592 3.4435408
0.4987063 3.5012937
3.6028702 0.3971300
3.5637691 0.4362308
0.4699914 3.5300088
3.5420456 0.4579545
0.5021579 3.4978421
3.5235524 0.4764476
3.5399184 0.4600815
0.5141688 3.4858313
0.4749902 3.5250101
0.4772352 3.5227652
0.5260016 3.4739985
0.5824877 3.4175124
0.4979603 3.5020394
3.5951047 0.4048953
3.5927236 0.4072764
3.4919994 0.5080008
3.5893037 0.4106961
0.4491902 3.5508099
3.4466279 0.5533721
3.4447496 0.5552505
3.5698156 0.4301843
0.6289805 3.3710194
0.6616334 3.3383670
0.4939996 3.5060003
0.4979520 3.5020480
3.5633335 0.4366664
3.6029947 0.3970055
3.5373142 0.4626858
0.6189051 3.3810949
3.5156674 0.4843326
0.4609325 3.5390673
0.4572430 3.5427568
0.6283303 3.3716698
3.5284722 0.4715279
0.5896164 3.4103837
3.5852768 0.4147232
3.5753913 0.4246088
0.6488489 3.3511510
3.5688608 0.4311393
0.5372115 3.4627886
0.4482219 3.5517781
0.5157008 3.4842992
3.4777746 0.5222256
3.5811951 0.4188048
0.5448689 3.4551311
0.5186856 3.4813144
3.5499563 0.4500434
0.4669867 3.5330133
0.4619720 3.5380280
3.4844222 0.5155776
3.6084712 0.3915289
0.6013477 3.3986523
3.5885036 0.4114963
0.4683002 3.5316997
3.5445316 0.4554685
0.5749944 3.4250059
0.5676757 3.4323244
0.4682548 3.5317452
1.2560931 2.7439070
3.6025314 0.3974685
3.6021125 0.3978875
0.5581527 3.4418473
3.4009178 0.5990825
0.4945970 3.5054030
0.6181048 3.3818951
0.6462929 3.3537071
3.5886312 0.4113689
0.5221579 3.4778421
0.6518649 3.3481352
3.5969875 0.4030125
3.5206456 0.4793544
3.5111787 0.4888212
3.5898557 0.4101444
0.4672070 3.5327928
3.5999246 0.4000756
3.5124784 0.4875217
0.5059226 3.4940774
3.5784307 0.4215693
0.5683721 3.4316280
3.5376768 0.4623231
0.4625869 3.5374131
0.4370675 3.5629325
3.5711374 0.4288626
0.4812963 3.5187039
0.5140965 3.4859035
3.5995638 0.4004362
3.5807288 0.4192712
3.5921175 0.4078825
1.2008421 2.7991579
3.5870633 0.4129368
3.6067014 0.3932987
0.4962803 3.5037198
3.5887780 0.4112222
3.5977085 0.4022917
0.5943592 3.4056411
1.0252626 2.9747374
0.4544092 3.5455909
3.5104198 0.4895802
3.5624800 0.4375203
3.5233970 0.4766031
0.5048040 3.4951959
0.6598288 3.3401713
3.6069727 0.3930271
3.5940413 0.4059587
1.4057919 2.5942082
0.4412246 3.5587754
3.6012912 0.3987087
0.4760836 3.5239162
3.5731919 0.4268081
0.4935049 3.5064952
3.6050553 0.3949448
3.3047674 0.6952327
0.5095755 3.4904244
3.5794675 0.4205324
0.7124510 3.2875490
0.8794717 3.1205285
3.5909464 0.4090536
3.5890484 0.4109514
0.4502748 3.5497251
0.5965877 3.4034123
0.7180663 3.2819338
0.4976646 3.5023355
3.5798736 0.4201264
0.5024061 3.4975939
3.5868902 0.4131099
3.5034952 0.4965049
3.5842066 0.4157934
0.4896940 3.5103059
0.6672756 3.3327243
3.5955329 0.4044668
3.5502791 0.4497207
3.5855377 0.4144624
0.4552975 3.5447025
0.5419033 3.4580967
3.5824022 0.4175979
3.5806310 0.4193689
0.4813048 3.5186951
0.6438065 3.3561935
3.5763779 0.4236221
3.5519941 0.4480060
0.8373641 3.1626358
3.5543413 0.4456587
3.4945464 0.5054534
0.5181650 3.4818351
0.4654295 3.5345705
3.6038837 0.3961160
1.0826843 2.9173155
0.5216252 3.4783750
3.5629907 0.4370093
3.6074371 0.3925629
0.5156832 3.4843168
0.6336949 3.3663051
3.5895584 0.4104418
3.5267661 0.4732341
3.5598443 0.4401559
0.5030552 3.4969449
0.4821878 3.5178123
3.5965443 0.4034557
0.5228637 3.4771361
3.4661584 0.5338417
0.5619808 3.4380193
0.5705966 3.4294033
3.5879347 0.4120650
0.4827237 3.5172765
3.5242472 0.4757529
3.5949759 0.4050240
0.4626007 3.5373993
3.6005797 0.3994202
0.4559288 3.5440712
0.4584665 3.5415335
0.5409162 3.4590838
0.4801220 3.5198779
3.4597614 0.5402387
1.0997828 2.9002171
0.4704855 3.5295146
0.5966564 3.4033437
3.5839658 0.4160340
0.5998170 3.4001830
3.5750539 0.4249461
0.5758066 3.4241936
0.4440267 3.5559735
0.4836187 3.5163813
3.5965381 0.4034619
0.4674592 3.5325408
3.5796053 0.4203948
0.4622419 3.5377579
3.5843949 0.4156051
3.5866194 0.4133806
3.5825906 0.4174094
3.6003103 0.3996896
0.5057691 3.4942310
0.4557367 3.5442631
3.5075274 0.4924724
0.6176415 3.3823586
3.6028385 0.3971615
0.5040653 3.4959347
0.5256211 3.4743788
0.4719477 3.5280523
0.5293512 3.4706488
0.4893603 3.5106397
0.4989253 3.5010748
0.4922562 3.5077441
3.5909061 0.4090939
0.5056796 3.4943204
3.5991716 0.4008284
0.5100399 3.4899600
3.5603180 0.4396819
3.5211363 0.4788636
3.4419758 0.5580242
3.4813914 0.5186086
3.3672357 0.6327643
3.5928869 0.4071129
0.5394041 3.4605958
0.5652483 3.4347515
3.5339420 0.4660579
0.4575246 3.5424755
3.5973217 0.4026783
0.4703962 3.5296040
0.4953559 3.5046439
0.4911495 3.5088503
0.5583246 3.4416752
0.5065941 3.4934058
0.8525730 3.1474268
0.5975242 3.4024758
3.4208999 0.5790999
0.6080829 3.3919172
3.5915358 0.4084644
0.5418039 3.4581962
3.5527196 0.4472802
0.6440998 3.3559000
3.5938349 0.4061652
0.5768134 3.4231868
0.4581715 3.5418286
0.6058370 3.3941629
0.5735985 3.4264016
0.4869034 3.5130966
0.4950204 3.5049794
0.4489183 3.5510817
0.6633564 3.3366437
0.4799119 3.5200882
3.5982902 0.4017096
3.5844092 0.4155909
3.5816319 0.4183681
3.4645567 0.5354434
3.5540042 0.4459958
3.5303752 0.4696248
3.5726261 0.4273738
3.5441322 0.4558675
0.4739998 3.5260000
3.5571036 0.4428962
3.5912347 0.4087657
3.4462245 0.5537756
3.5323234 0.4676768
0.5787229 3.4212773
3.5858266 0.4141734
3.5733776 0.4266225
3.5749693 0.4250307
3.5805066 0.4194934
0.4875782 3.5124218
0.5143057 3.4856942
0.4306565 3.5693436
3.5925310 0.4074690
3.5288534 0.4711465
0.4343702 3.5656300
3.5793178 0.4206820
3.5394270 0.4605730
3.5538700 0.4461299
0.4782022 3.5217979
0.4777696 3.5222306
3.5331602 0.4668400
0.4829892 3.5170109
3.5320508 0.4679495
0.4860502 3.5139499
0.5778032 3.4221966
3.5530760 0.4469238
0.5505995 3.4494004
0.5027874 3.4972124
3.5999415 0.4000587
3.5767078 0.4232921
0.4754802 3.5245199
0.7605635 3.2394366
0.4410462 3.5589540
3.5183325 0.4816674
0.4503156 3.5496845
3.5941429 0.4058572
3.5947485 0.4052514
0.4754112 3.5245886
3.5984087 0.4015913
3.5349443 0.4650556
0.4451707 3.5548294
3.5901818 0.4098184
3.5706942 0.4293058
3.6020851 0.3979150
0.4651824 3.5348175
3.4735119 0.5264879
3.5955651 0.4044348
0.6119165 3.3880835
3.5404344 0.4595657
0.5944884 3.4055114
0.9494717 3.0505285
3.5660937 0.4339064
0.5055062 3.4944940
3.5884728 0.4115270
0.4389259 3.5610740
3.5993099 0.4006901
3.2786477 0.7213522
3.5938666 0.4061334
3.5912280 0.4087720
0.5082414 3.4917586
3.6046519 0.3953481
0.5357985 3.4642015
0.5213459 3.4786541
3.5717196 0.4282807
0.6658335 3.3341665
0.5043278 3.4956722
0.5128111 3.4871888
3.5660443 0.4339558
0.5322323 3.4677675
3.5974498 0.4025501
1.4254810 2.5745192
3.5257585 0.4742417
0.6195723 3.3804276
3.6031396 0.3968605
3.5643897 0.4356104
0.5231420 3.4768581
1.4097494 2.5902505
3.6011837 0.3988164
0.6572797 3.3427203
0.6610196 3.3389804
0.5224884 3.4775119
3.4567957 0.5432041
3.5663323 0.4336676
3.5534506 0.4465496
3.5199268 0.4800732
0.4543862 3.5456138
0.4607014 3.5392985
0.5059850 3.4940150
3.5893784 0.4106216
3.4354169 0.5645830
0.8407027 3.1592972
0.9743937 3.0256062
0.4776797 3.5223203
3.5809038 0.4190962
0.4728940 3.5271063
1.0815003 2.9184997
0.6351498 3.3648503
0.4899422 3.5100577
0.4502712 3.5497286
3.5966296 0.4033703
3.5439079 0.4560920
0.6279674 3.3720326
0.6005452 3.3994546
3.5383701 0.4616300
1.0892949 2.9107053
0.4628155 3.5371845
0.4994606 3.5005393
0.5507969 3.4492030
3.5883610 0.4116390
0.4682573 3.5317426
3.5383635 0.4616365
0.5656626 3.4343371
3.4060440 0.5939559
0.5694633 3.4305367
3.5694222 0.4305776
0.6681362 3.3318639
0.5741613 3.4258387
0.4631186 3.5368812
0.5180084 3.4819918
3.5726333 0.4273669
0.5002995 3.4997005
0.4473947 3.5526052
0.4417438 3.5582561
0.5021487 3.4978514
0.5375899 3.4624100
0.4758236 3.5241764
0.4795577 3.5204422
3.5916550 0.4083448
0.5072260 3.4927740
3.5997810 0.4002190
3.5610723 0.4389277
3.6045952 0.3954046
3.5636337 0.4363662
3.5837164 0.4162834
0.5532716 3.4467285
3.6056747 0.3943253
0.5183265 3.4816735
0.4752391 3.5247607
0.5326691 3.4673309
0.7373737 3.2626264
3.5623229 0.4376771
3.5755441 0.4244559
3.5266166 0.4733835
0.5376521 3.4623477
0.4876526 3.5123472
3.5868227 0.4131773
3.5835190 0.4164811
3.6002612 0.3997389
3.5816073 0.4183927
3.6026125 0.3973875
3.3808279 0.6191721
3.5899708 0.4100292
0.6387314 3.3612685
0.4625141 3.5374858
3.2525506 0.7474494
3.5866604 0.4133396
0.4919183 3.5080817
0.5171475 3.4828525
3.5140665 0.4859339
0.7335752 3.2664247
3.5986218 0.4013779
0.5206909 3.4793091
3.5508304 0.4491696
3.4976728 0.5023271
3.5278530 0.4721467
3.3905873 0.6094126
0.4377131 3.5622869
3.5133798 0.4866203
3.5585003 0.4414998
0.5399103 3.4600897
0.5649875 3.4350126
0.5036600 3.4963400
3.5742941 0.4257061
3.4733815 0.5266186
3.4933341 0.5066660
0.5614890 3.4385114
3.5154662 0.4845337
0.5031754 3.4968245
0.6422458 3.3577542
0.5422890 3.4577112
3.5788598 0.4211404
0.5280532 3.4719467
3.5615795 0.4384208
0.4957728 3.5042272
3.3265393 0.6734607
3.4007418 0.5992581
3.5378497 0.4621505
3.5694861 0.4305138
3.5966635 0.4033366
3.4703250 0.5296748
3.5798919 0.4201081
3.5822890 0.4177111
0.5170047 3.4829955
3.5717490 0.4282510
3.5965304 0.4034696
3.5737891 0.4262108
0.4557593 3.5442407
3.4988947 0.5011054
3.5645962 0.4354036
3.5832565 0.4167436
0.5036617 3.4963384
0.4876320 3.5123682
3.6163502 0.3836497
0.5369332 3.4630668
0.4958257 3.5041742
0.4789516 3.5210485
3.5906835 0.4093166
3.5640545 0.4359455
3.5941772 0.4058230
0.4866516 3.5133483
3.5145788 0.4854214
0.6646001 3.3353999
3.5708883 0.4291118
3.5978155 0.4021845
0.7373796 3.2626204
3.5929558 0.4070440
0.4530516 3.5469484
0.5176229 3.4823768
0.5535662 3.4464338
3.6044002 0.3955998
0.5403728 3.4596272
0.5946974 3.4053025
0.6224120 3.3775880
0.4861595 3.5138404
0.4785649 3.5214353
3.5993776 0.4006226
0.5028960 3.4971042
0.6469097 3.3530903
3.5845463 0.4154537
3.5899827 0.4100173
3.5801466 0.4198535
3.5962567 0.4037433
3.4834387 0.5165616
0.6297783 3.3702216
3.5620756 0.4379244
3.5447791 0.4552208
3.5697675 0.4302325
0.4595195 3.5404806
3.5793777 0.4206223
0.5123469 3.4876530
0.5342966 3.4657032
0.4842982 3.5157020
1.0417653 2.9582343
3.5276618 0.4723384
0.6369041 3.3630958
0.4629527 3.5370474
0.4440017 3.5559983
0.6542119 3.3457880
0.4897829 3.5102172
3.5278940 0.4721060
3.6008863 0.3991136
0.5972412 3.4027588
3.5896301 0.4103699
0.4753812 3.5246189
3.5102544 0.4897458
3.5672617 0.4327385
3.5800486 0.4199514
0.5185562 3.4814436
0.4535722 3.5464277
0.5501758 3.4498243
0.6241646 3.3758354
0.5714852 3.4285147
0.4509520 3.5490479
3.5949605 0.4050395
3.6016490 0.3983510
0.4657263 3.5342736
3.5483179 0.4516824
3.4328437 0.5671563
0.4857323 3.5142677
3.5984359 0.4015641
3.5753567 0.4246432
3.5055225 0.4944774
3.6036699 0.3963301
3.5975256 0.4024746
3.5963697 0.4036305
0.5479791 3.4520206
0.4355311 3.5644689
3.5818932 0.4181068
0.4640273 3.5359728
0.5043817 3.4956183
3.6028693 0.3971308
3.6032014 0.3967989
0.4503345 3.5496657
0.4762495 3.5237505
3.5320444 0.4679554
3.5839653 0.4160345
0.6579722 3.3420277
0.6127746 3.3872256
3.5813708 0.4186290
0.6219541 3.3780456
0.4727004 3.5272996
3.4665112 0.5334886
3.4505427 0.5494574
3.5327437 0.4672564
3.5190330 0.4809670
3.5877638 0.4122362
0.4622405 3.5377595
3.5955994 0.4044005
3.5851042 0.4148959
3.5753899 0.4246100
3.5840926 0.4159074
0.5728513 3.4271486
3.5894783 0.4105217
0.5282350 3.4717650
0.5445485 3.4554515
3.5822020 0.4177982
0.6318649 3.3681350
3.5931194 0.4068804
0.4493951 3.5506051
0.4991839 3.5008161
3.5917709 0.4082292
3.5717435 0.4282565
0.6130614 3.3869386
0.5331360 3.4668641
0.5594200 3.4405799
0.4908211 3.5091789
0.4746826 3.5253174
0.4970538 3.5029464
0.5586606 3.4413393
3.5105169 0.4894831
0.5786324 3.4213676
0.4404127 3.5595875
3.5505369 0.4494632
0.4882569 3.5117431
0.5358877 3.4641123
3.5295327 0.4704673
3.5946846 0.4053155
0.6268870 3.3731127
0.4219204 3.5780797
0.4444581 3.5555420
0.4934357 3.5065644
3.5817106 0.4182894
0.5140712 3.4859290
0.6428507 3.3571491
0.4957463 3.5042536
3.5764523 0.4235476
3.5628047 0.4371952
0.5753120 3.4246881
3.5977585 0.4022413
3.5801978 0.4198022
3.5913396 0.4086602
3.5908337 0.4091663
0.4970981 3.5029018
3.5259323 0.4740677
0.4559150 3.5440850
0.4743538 3.5256462
0.5774302 3.4225698
3.5876846 0.4123155
3.5275731 0.4724272
3.5811353 0.4188648
3.4713860 0.5286140
0.4662737 3.5337262
3.5371203 0.4628798
0.4887578 3.5112422
0.5649769 3.4350231
0.5145079 3.4854920
0.6594477 3.3405523
3.5620093 0.4379909
3.5967455 0.4032544
1.4279228 2.5720770
3.4811225 0.5188778
0.4568647 3.5431352
3.4425755 0.5574245
0.4806746 3.5193255
0.5028532 3.4971466
3.4560795 0.5439205
0.4977786 3.5022216
3.5211632 0.4788367
3.5387497 0.4612502
0.5192009 3.4807992
0.4502659 3.5497341
0.5374385 3.4625616
0.4930239 3.5069761
0.4538991 3.5461009
0.4629129 3.5370867
0.6355408 3.3644593
0.5327117 3.4672883
0.4713740 3.5286260
3.5761607 0.4238392
0.4540660 3.5459337
3.5461860 0.4538140
3.5373232 0.4626768
0.6027029 3.3972969
3.5815403 0.4184595
3.5863545 0.4136454
0.5066974 3.4933028
3.5928755 0.4071245
3.5854766 0.4145233
3.6078997 0.3921004
3.5759447 0.4240554
1.5876702 2.4123297
0.5110965 3.4889035
0.5523090 3.4476910
3.5422511 0.4577490
0.8850196 3.1149805
0.4536934 3.5463068
3.5817738 0.4182265
0.5207586 3.4792414
3.5882113 0.4117887
3.5761962 0.4238038
0.5438563 3.4561436
0.5676106 3.4323893
3.5637870 0.4362130
3.5870609 0.4129391
0.5041946 3.4958053
0.6954163 3.3045835
0.4771448 3.5228553
3.5978944 0.4021055
0.6015161 3.3984840
3.5675855 0.4324147
0.5378128 3.4621873
0.6135207 3.3864794
3.5275466 0.4724532
0.4921264 3.5078735
0.5543579 3.4456420
3.5878201 0.4121801
0.4939681 3.5060320
3.4844525 0.5155475
0.6260316 3.3739684
3.5116918 0.4883083
2.6787605 1.3212395
3.5337167 0.4662834
3.5174737 0.4825264
0.7654826 3.2345171
0.6242426 3.3757575
0.6529464 3.3470535
3.5927174 0.4072826
0.4839717 3.5160284
3.6033764 0.3966237
